scenario_id,tier,seed,controller,time_s,alpha_rad,q_radps,theta_rad,measured_alpha_rad,measured_q_radps,measured_theta_rad,alpha_ref_rad,q_ref_radps,theta_ref_rad,alpha_min_rad,alpha_max_rad,q_min_radps,q_max_radps,alpha_error_rad,q_error_rad,theta_error_rad,solver_status,solve_time_s,solver_failure,learned_delta_flap_raw_rad,safety_delta_flap_raw_rad,pitching_moment_nm,cm,flap_effectiveness,delta_flap_raw_rad,delta_flap_delayed_rad,delta_flap_lagged_rad,delta_flap_rad,delta_flap_rate_radps,flap_saturated,flap_rate_saturated,altitude_m,velocity_mps,mach,density_kgm3,dynamic_pressure_pa,density_scale,cm_alpha_scale,cm_delta_scale,cm_q_scale,actuator_lag_s,actuator_delay_s,sensor_noise_alpha_rad,sensor_noise_q_radps,sensor_noise_theta_rad,initial_alpha_error_rad,initial_q_error_radps,initial_theta_error_rad,external_disturbance_moment_nm,corridor_violation
7,stress,10062,ridge_no_safety,0.0,0.09143520589628008,0.0686164851671086,0.11341671052271779,0.09249415770703545,0.06801653143478223,0.10679894636328251,0.12,-1.5202636718752993e-05,0.08,0.04999999999999999,0.19,-0.08,0.08,-0.028564794103719912,0.06863168780382735,0.03341671052271779,not_applicable,0.0,False,1.087833379783926,0.35,3407.188411169842,-0.01776657440899627,0.4015798869488264,0.35,0.0,0.0,0.0,0.0,False,False,82000.0,6200.0,21.012104371718653,6.040132628938684e-06,116.0913491282015,1.2089415706681728,1.0388272811690047,1.3554360679161346,1.3044208428948538,0.5192310882170614,0.5,0.0026701265000948606,0.0005495050286051618,0.003951881981624145,-0.02856479410371991,0.06863168780382735,0.03341671052271779,3459.989578338532,False
7,stress,10062,ridge_no_safety,0.5,0.11441574977697652,0.06868435825467183,0.14774194355823855,0.11439685130926348,0.06918529823359497,0.14674483789800244,0.12002304098079561,-3.0341796874999716e-05,0.07999239868164063,0.0500230409807956,0.19002304098079562,-0.08,0.08,-0.005607291203819087,0.06871470005154683,0.06774954487659793,not_applicable,0.0,False,1.1554298803521788,0.35,3339.824895458139,-0.04042908755710939,0.40159248685423254,0.35,0.35,0.21638389728937482,0.09,0.18,False,True,81998.8598022461,6199.7501458924335,21.01125760388222,6.041218729730432e-06,116.10286574943785,1.2089415706681728,1.0388272811690047,1.3554360679161346,1.3044208428948538,0.5192310882170614,0.5,0.0026701265000948606,0.0005495050286051618,0.003951881981624145,-0.02856479410371991,0.06863168780382735,0.03341671052271779,3459.989578338532,False
7,stress,10062,ridge_no_safety,1.0,0.13503432478593566,0.06875091187692846,0.1821007809932405,0.13422667122571236,0.06845186052134933,0.18125862124495806,0.12009173525377229,-6.052490234374763e-05,0.079969658203125,0.05009173525377228,0.1900917352537723,-0.08,0.08,0.014942589532163375,0.0688114367792722,0.1021311227901155,not_applicable,0.0,False,1.1515671591072898,0.35,3275.1355377439977,-0.062173080953145624,0.40162486243193063,0.35,0.35,0.29899067741835333,0.18,0.18,False,True,81995.44873046875,6199.108143368448,21.00908182581111,6.044469128585679e-06,116.14127609609248,1.2089415706681728,1.0388272811690047,1.3554360679161346,1.3044208428948538,0.5192310882170614,0.5,0.0026701265000948606,0.0005495050286051618,0.003951881981624145,-0.02856479410371991,0.06863168780382735,0.03341671052271779,3459.989578338532,False
7,stress,10062,ridge_no_safety,1.5,0.15353635481554778,0.06881619658394696,0.21649257597288057,0.15318607731574863,0.06821103581693318,0.22067486089899763,0.12020543981481481,-9.05175781250045e-05,0.07993187377929688,0.0502054398148148,0.1902054398148148,-0.08,0.08,0.03333091500073297,0.06890671416207196,0.13656070219358368,not_applicable,0.0,False,1.1638703276006852,0.35,3212.785892313292,-0.08309560277347708,0.4016744554206741,0.35,0.35,0.33052666604208936,0.27,0.18000000000000005,False,True,81989.78106689453,6198.124722339112,21.005748963664374,6.049873693585222e-06,116.20824283187106,1.2089415706681728,1.0388272811690047,1.3554360679161346,1.3044208428948538,0.5192310882170614,0.5,0.0026701265000948606,0.0005495050286051618,0.003951881981624145,-0.02856479410371991,0.06863168780382735,0.03341671052271779,3459.989578338532,False
7,stress,10062,ridge_no_safety,2.0,0.17014172137126263,0.06888025654797275,0.25091670529740806,0.16929400562469157,0.06807399211226665,0.25325881205777506,0.12036351165980795,-0.00012031982421875642,0.079879140625,0.050363511659807944,0.19036351165980797,-0.08,0.08,0.04977820971145468,0.06900057637219151,0.17103756467240805,not_applicable,0.0,False,1.1760782796082128,0.35,3160.3877787228303,-0.10062548168629051,0.4017399997587981,0.35,0.35,0.3425658543136043,0.3425658543136043,0.1451317086272086,False,False,81981.87109375,6196.824988604601,21.00134410223131,6.057424557251449e-06,116.30448969152923,1.2089415706681728,1.0388272811690047,1.3554360679161346,1.3044208428948538,0.5192310882170614,0.5,0.0026701265000948606,0.0005495050286051618,0.003951881981624145,-0.02856479410371991,0.06863168780382735,0.03341671052271779,3459.989578338532,False
7,stress,10062,ridge_no_safety,2.5,0.18504745950271678,0.06894328845728057,0.28537260595930486,0.18539527946671527,0.06881498319173364,0.28371275600377593,0.12056530778463648,-0.00014993164062498954,0.07981155395507812,0.05056530778463647,0.19056530778463648,-0.08,0.08,0.0644821517180803,0.06909322009790556,0.20556105200422675,not_applicable,0.0,False,1.2193393161499821,0.35,3140.6682969798567,-0.10713250683839548,0.4018206300465545,0.35,0.35,0.3471619383611451,0.3471619383611451,0.00919216809508161,False,False,81971.73309326172,6195.226102903411,20.995925400097143,6.067116078316283e-06,116.43046467575843,1.2089415706681728,1.0388272811690047,1.3554360679161346,1.3044208428948538,0.5192310882170614,0.5,0.0026701265000948606,0.0005495050286051618,0.003951881981624145,-0.02856479410371991,0.06863168780382735,0.03341671052271779,3459.989578338532,False
7,stress,10062,ridge_no_safety,3.0,0.19843028271134977,0.06900594379072017,0.31985992697250376,0.19514467589546583,0.0691611722344754,0.317775753593991,0.12081018518518519,-0.00017935302734374547,0.07972920898437501,0.05081018518518518,0.1908101851851852,-0.08,0.08,0.07762009752616458,0.06918529681806392,0.24013071798812874,not_applicable,0.0,False,1.2404790271931565,0.35,3123.8815579978473,-0.11261356112148302,0.40191568368588926,0.35,0.35,0.34891654075589623,0.34891654075589623,0.0035092047895022294,False,False,81959.38134765625,6193.341204448907,20.98953738670099,6.078944807539934e-06,116.58648757581439,1.2089415706681728,1.0388272811690047,1.3554360679161346,1.3044208428948538,0.5192310882170614,0.5,0.0026701265000948606,0.0005495050286051618,0.003951881981624145,-0.02856479410371991,0.06863168780382735,0.03341671052271779,3459.989578338532,True
7,stress,10062,ridge_no_safety,3.5,0.21044866207993268,0.06906827933079665,0.35437849439809116,0.21076275524520918,0.06935461595037953,0.3582459404725726,0.12109750085733882,-0.00020858398437501036,0.07963220092773438,0.051097500857338815,0.19109750085733884,-0.08,0.08,0.08935116122259386,0.06927686331517166,0.2747462934703568,not_applicable,0.0,False,1.2630756445204383,0.35,3109.0419522721786,-0.11739797704607624,0.40202462079258067,0.35,0.35,0.3495863782810201,0.3495863782810201,0.0013396750502477905,False,False,81944.83013916016,6191.180999058791,20.98221634458463,6.092909457438382e-06,116.77280978901761,1.2089415706681728,1.0388272811690047,1.3554360679161346,1.3044208428948538,0.5192310882170614,0.5,0.0026701265000948606,0.0005495050286051618,0.003951881981624145,-0.02856479410371991,0.06863168780382735,0.03341671052271779,3459.989578338532,True
7,stress,10062,ridge_no_safety,4.0,0.22124458360046015,0.06913033234751759,0.38892815779392076,0.2204086900186513,0.06879248651486838,0.3825347590401751,0.12142661179698216,-0.00023762451171874255,0.079520625,0.05142661179698216,0.19142661179698217,-0.08,0.08,0.09981797180347798,0.06936795685923633,0.30940753279392075,not_applicable,0.0,False,1.2511650068007512,0.35,3095.6761613659396,-0.12164318387313489,0.40214698367832524,0.35,0.35,0.34984209565118124,0.34984209565118124,0.0005114347403222252,False,False,81928.09375,6188.754562618874,20.973993032370615,6.109010875788256e-06,116.98964460954748,1.2089415706681728,1.0388272811690047,1.3554360679161346,1.3044208428948538,0.5192310882170614,0.5,0.0026701265000948606,0.0005495050286051618,0.003951881981624145,-0.02856479410371991,0.06863168780382735,0.03341671052271779,3459.989578338532,True
7,stress,10062,ridge_no_safety,4.5,0.23094525858353399,0.0691921308227292,0.42350878301620976,0.23203999946139808,0.0686141872192489,0.42384877508481883,0.121796875,-0.00026647460937499756,0.07939457641601563,0.05179687499999999,0.191796875,-0.08,0.08,0.10914838358353399,0.06945860543210419,0.3441142066001941,not_applicable,0.0,False,1.2551601036282107,0.35,3083.5169599919427,-0.12543769022302098,0.40228237351219553,0.35,0.35,0.3499397183894565,0.3499397183894565,0.0001952454765504763,False,False,81909.18646240234,6186.0698038826085,20.964894253212666,6.127252022788831e-06,117.23718467724717,1.2089415706681728,1.0388272811690047,1.3554360679161346,1.3044208428948538,0.5192310882170614,0.5,0.0026701265000948606,0.0005495050286051618,0.003951881981624145,-0.02856479410371991,0.06863168780382735,0.03341671052271779,3459.989578338532,True
7,stress,10062,ridge_no_safety,5.0,0.23966465926669767,0.06925369755276296,0.45812024860269424,0.2370992293771213,0.06872228170935275,0.45904091776352346,0.1222076474622771,-0.0002951342773437615,0.079254150390625,0.05220764746227709,0.1922076474622771,-0.08,0.08,0.11745701180442057,0.06954883183010672,0.37886609821206924,not_applicable,0.0,False,1.2611481665396993,0.35,3072.3851296687158,-0.12884074208318577,0.4024304356602051,0.35,0.35,0.3499769868746687,0.3499769868746687,7.453697042447693e-05,False,False,81888.12255859375,6183.133755185188,20.95494384003998,6.147637951769773e-06,117.51561292924765,1.2089415706681728,1.0388272811690047,1.3554360679161346,1.3044208428948538,0.5192310882170614,0.5,0.0026701265000948606,0.0005495050286051618,0.003951881981624145,-0.02856479410371991,0.06863168780382735,0.03341671052271779,3459.989578338532,True
7,stress,10062,ridge_no_safety,5.5,0.2475048958384859,0.06931505189142016,0.49276244361702337,0.2465926326091537,0.06959253546128744,0.4996683662763881,0.12265828617969822,-0.0003236035156249928,0.07909944213867187,0.05265828617969821,0.1926582861796982,-0.08,0.08,0.12484660965878767,0.06963865540704516,0.4136630014783515,not_applicable,0.0,False,1.2995638072940734,0.35,3062.143326726616,-0.13189776962829813,0.40259084988176863,0.35,0.35,0.34999121450252013,0.34999121450252013,2.8455255702830584e-05,False,False,81864.91632080078,6179.952766846162,20.944163314397265,6.170175793343209e-06,117.82510991191339,1.2089415706681728,1.0388272811690047,1.3554360679161346,1.3044208428948538,0.5192310882170614,0.5,0.0026701265000948606,0.0005495050286051618,0.003951881981624145,-0.02856479410371991,0.06863168780382735,0.03341671052271779,3459.989578338532,True
7,stress,10062,ridge_no_safety,6.0,0.25455745062689256,0.06937621057217411,0.5274352661342977,0.25524915459403635,0.06881454129748679,0.5259404201300781,0.12314814814814815,-0.0003518823242187469,0.07893054687500001,0.05314814814814814,0.19314814814814815,-0.08,0.08,0.1314093024787444,0.06972809289639285,0.4485047192592977,not_applicable,0.0,False,1.277911483475669,0.35,3052.6775458016127,-0.13464655882316556,0.4027633234553852,0.35,0.35,0.3499966460459039,0.3499966460459039,1.08630867675652e-05,False,False,81839.58203125,6176.532643486048,20.932572348428415,6.19487474290731e-06,118.16585889780657,1.2089415706681728,1.0388272811690047,1.3554360679161346,1.3044208428948538,0.5192310882170614,0.5,0.0026701265000948606,0.0005495050286051618,0.003951881981624145,-0.02856479410371991,0.06863168780382735,0.03341671052271779,3459.989578338532,True
7,stress,10062,ridge_no_safety,6.5,0.2609042840278829,0.06943718816130466,0.5621386220453056,0.26355459066109316,0.06896260413929839,0.5627060713946953,0.12367659036351165,-0.0003799707031250099,0.07874755981445312,0.05367659036351165,0.19367659036351165,-0.08,0.08,0.13722769366437126,0.06981715886442967,0.4833910622308525,not_applicable,0.0,False,1.2887182249832423,0.35,3043.8892267534984,-0.13711985339926977,0.40294758617496185,0.35,0.35,0.34999871959350004,0.34999871959350004,4.14709519225287e-06,False,False,81812.13397216797,6172.878743248417,20.920189101145034,6.221746051416789e-06,118.53804960293905,1.2089415706681728,1.0388272811690047,1.3554360679161346,1.3044208428948538,0.5192310882170614,0.5,0.0026701265000948606,0.0005495050286051618,0.003951881981624145,-0.02856479410371991,0.06863168780382735,0.03341671052271779,3459.989578338532,True
7,stress,10062,ridge_no_safety,7.0,0.2666188254107865,0.06949799735465503,0.5968724240481112,0.268567243932953,0.06974780858603921,0.5972732205795307,0.12424296982167352,-0.00040786865234375413,0.078550576171875,0.05424296982167351,0.19424296982167352,-0.08,0.08,0.142375855589113,0.06990586600699879,0.5183218478762363,not_applicable,0.0,False,1.3180857998036417,0.35,3035.6915184205286,-0.13934656851004273,0.4031433865961587,0.35,0.35,0.3499995111916388,0.3499995111916388,1.5831962775214592e-06,False,False,81782.58642578125,6168.996052234287,20.907030470688255,6.250803019344083e-06,118.94188097177654,1.2089415706681728,1.0388272811690047,1.3554360679161346,1.3044208428948538,0.5192310882170614,0.5,0.0026701265000948606,0.0005495050286051618,0.003951881981624145,-0.02856479410371991,0.06863168780382735,0.03341671052271779,3459.989578338532,True
7,stress,10062,ridge_no_safety,7.5,0.27176686092801317,0.06955864920098645,0.6316365907695611,0.2702187018874725,0.0701951732212823,0.6268930763192685,0.12484664351851851,-0.0004355761718749934,0.07833969116210937,0.054846643518518506,0.19484664351851852,-0.08,0.08,0.14692021740949465,0.06999422537286144,0.5532968996074518,not_applicable,0.0,False,1.3311245105593386,0.35,3028.0072107896453,-0.1413524515257069,0.40335048914940924,0.35,0.35,0.34999981339237657,0.34999981339237657,6.044014755346439e-07,False,False,81750.9536743164,6164.88924175046,20.893112288346153,6.282060993762011e-06,119.37756331951235,1.2089415706681728,1.0388272811690047,1.3554360679161346,1.3044208428948538,0.5192310882170614,0.5,0.0026701265000948606,0.0005495050286051618,0.003951881981624145,-0.02856479410371991,0.06863168780382735,0.03341671052271779,3459.989578338532,True
7,stress,10062,ridge_no_safety,8.0,0.2764073289413949,0.06961915328515444,0.6664310459883281,0.2766107562452665,0.06945545147614131,0.6683792611162103,0.1254869684499314,-0.00046309326171874166,0.078115,0.055486968449931395,0.1954869684499314,-0.08,0.08,0.1509203604914635,0.07008224654687319,0.5883160459883281,not_applicable,0.0,False,1.3074070236211135,0.35,3020.7673756642407,-0.1431605113097353,0.4035686718725181,0.35,0.35,0.3499999287606189,0.3499999287606189,2.307364846965143e-07,False,False,81717.25,6160.562713271744,20.878449470932924,6.315537368486476e-06,119.84532001875967,1.2089415706681728,1.0388272811690047,1.3554360679161346,1.3044208428948538,0.5192310882170614,0.5,0.0026701265000948606,0.0005495050286051618,0.003951881981624145,-0.02856479410371991,0.06863168780382735,0.03341671052271779,3459.989578338532,True
7,stress,10062,ridge_no_safety,8.5,0.28059303267270813,0.06967951788514785,0.7012557179429224,0.2785143930676532,0.06916914724438397,0.7084005929476246,0.12616330161179698,-0.0004904199218749988,0.07787659790039063,0.05616330161179697,0.196163301611797,-0.08,0.08,0.15442973106091115,0.07016993780702285,0.6233791200425318,not_applicable,0.0,False,1.2942560900901758,0.35,3013.9103409863246,-0.144791340779318,0.4037977245977856,0.35,0.35,0.34999997280363293,0.34999997280363293,8.808602802723442e-08,False,False,81681.4896850586,6156.020634389981,20.86305614262193,6.3512515872243285e-06,120.34538885601359,1.2089415706681728,1.0388272811690047,1.3554360679161346,1.3044208428948538,0.5192310882170614,0.5,0.0026701265000948606,0.0005495050286051618,0.003951881981624145,-0.02856479410371991,0.06863168780382735,0.03341671052271779,3459.989578338532,True
7,stress,10062,ridge_no_safety,9.0,0.2843712786899931,0.06973975010954829,0.7361105387132506,0.2841882113597207,0.06965106639633271,0.7351434944693847,0.126875,-0.0005175561523437511,0.077624580078125,0.05687499999999998,0.196875,-0.08,0.08,0.15749627868999314,0.07025730626189204,0.6584859586351256,not_applicable,0.0,False,1.3130017863740342,0.35,3007.380848484547,-0.14626338229240443,0.4040374474800409,0.35,0.35,0.3499999896175069,0.3499999896175069,3.362774791959566e-08,False,False,81643.68701171875,6151.266968002932,20.84694573386822,6.389225149678182e-06,120.8780231444122,1.2089415706681728,1.0388272811690047,1.3554360679161346,1.3044208428948538,0.5192310882170614,0.5,0.0026701265000948606,0.0005495050286051618,0.003951881981624145,-0.02856479410371991,0.06863168780382735,0.03341671052271779,3459.989578338532,True
7,stress,10062,ridge_no_safety,9.5,0.2877844489466372,0.06979985601897412,0.7709954436668334,0.28744989186113534,0.06988246894079085,0.7704255079947993,0.12762142061042525,-0.0005445019531249984,0.07735904174804688,0.057621420610425245,0.19762142061042526,-0.08,0.08,0.16016302833621193,0.07034435797209912,0.6936364019187865,not_applicable,0.0,False,1.3197280512928826,0.35,3001.1293309407533,-0.14759315647343052,0.40428764978530923,0.35,0.35,0.3499999960363764,0.3499999960363764,1.283773898297369e-08,False,False,81603.85626220703,6146.305496334782,20.830131062815237,6.429481620566406e-06,121.4434926540948,1.2089415706681728,1.0388272811690047,1.3554360679161346,1.3044208428948538,0.5192310882170614,0.5,0.0026701265000948606,0.0005495050286051618,0.003951881981624145,-0.02856479410371991,0.06863168780382735,0.03341671052271779,3459.989578338532,True
7,stress,10062,ridge_no_safety,10.0,0.2908705132877247,0.06985984073381016,0.8059103709622547,0.2910916441275064,0.0700079427392713,0.8013109412437643,0.12840192043895748,-0.0005712573242187546,0.077080078125,0.05840192043895748,0.1984019204389575,-0.08,0.08,0.1624685928487672,0.07043109805802891,0.7288302928372548,not_applicable,0.0,False,1.3230139575882525,0.35,2995.111279189002,-0.1487954638691089,0.40454814888211915,0.35,0.35,0.3499999984868459,0.3499999984868459,4.900938987972836e-09,False,False,81562.01171875,6141.139840938384,20.81262440308339,6.472046641522357e-06,122.04208440455373,1.2089415706681728,1.0388272811690047,1.3554360679161346,1.3044208428948538,0.5192310882170614,0.5,0.0026701265000948606,0.0005495050286051618,0.003951881981624145,-0.02856479410371991,0.06863168780382735,0.03341671052271779,3459.989578338532,True
7,stress,10062,ridge_no_safety,10.5,0.293663488618851,0.06991970852993629,0.8408552611034227,0.2934138313938737,0.06954829110829348,0.836921743405344,0.12921585648148148,-0.000597822265625006,0.07678778442382812,0.05921585648148148,0.1992158564814815,-0.08,0.08,0.16444763213736951,0.07051753079556129,0.7640674766795945,not_applicable,0.0,False,1.3036811935188382,0.35,2989.2866825155343,-0.14988356438489422,0.40481876939269756,0.35,0.35,0.34999999942233784,0.34999999942233784,1.870983923346614e-09,False,False,81518.16766357422,6135.773479526905,20.794437540813334,6.516947945842978e-06,122.67410335178101,1.2089415706681728,1.0388272811690047,1.3554360679161346,1.3044208428948538,0.5192310882170614,0.5,0.0026701265000948606,0.0005495050286051618,0.003951881981624145,-0.02856479410371991,0.06863168780382735,0.03341671052271779,3459.989578338532,True
7,stress,10062,ridge_no_safety,11.0,0.2961938502880039,0.06997946292385096,0.8758300565389948,0.294758782076764,0.07046964279250334,0.8761960659837221,0.13006258573388202,-0.0006241967773437523,0.076482255859375,0.06006258573388201,0.20006258573388203,-0.08,0.08,0.16613126455412186,0.07060365970119471,0.7993478006796199,not_applicable,0.0,False,1.3323625569177369,0.35,2983.619531862513,-0.1508693376167649,0.4050993424719997,0.35,0.35,0.3499999997794715,0.3499999997794715,7.142673119631127e-10,False,False,81472.33837890625,6130.2097602705635,20.7755818231183,6.5642153760622015e-06,123.3398729948536,1.2089415706681728,1.0388272811690047,1.3554360679161346,1.3044208428948538,0.5192310882170614,0.5,0.0026701265000948606,0.0005495050286051618,0.003951881981624145,-0.02856479410371991,0.06863168780382735,0.03341671052271779,3459.989578338532,True
7,stress,10062,ridge_no_safety,11.5,0.2984889006535435,0.07003910674838128,0.9108347013019689,0.3012370028015063,0.07070199631937173,0.9085201576587859,0.1309414651920439,-0.0006503808593749938,0.07616358764648437,0.06094146519204388,0.2009414651920439,-0.08,0.08,0.1675474354614996,0.07068948760775627,0.8346711136554845,not_applicable,0.0,False,1.3426078788888183,0.35,2978.077377919719,-0.151763426365923,0.40538970519014955,0.35,0.35,0.34999999991581093,0.34999999991581093,2.726788794760182e-10,False,False,81424.53814697266,6124.451914042717,20.75606819958672,6.613880904330117e-06,124.03973592076713,1.2089415706681728,1.0388272811690047,1.3554360679161346,1.3044208428948538,0.5192310882170614,0.5,0.0026701265000948606,0.0005495050286051618,0.003951881981624145,-0.02856479410371991,0.06863168780382735,0.03341671052271779,3459.989578338532,True
7,stress,10062,ridge_no_safety,12.0,0.30057309929382153,0.07009864222002023,0.9458691406849976,0.3031662183520633,0.07038892873647143,0.9469798248022396,0.13185185185185186,-0.0006763745117187442,0.075831875,0.06185185185185185,0.20185185185185187,-0.08,0.08,0.16872124744196967,0.07077501673173897,0.8700372656849976,not_applicable,0.0,False,1.3277330054856822,0.35,2972.6309376470435,-0.15257536519509698,0.40568969999943083,0.35,0.35,0.34999999996785996,0.34999999996785996,1.0409806350253348e-10,False,False,81374.78125,6118.5030649893715,20.735907258102767,6.665978655584251e-06,124.7740543020705,1.2089415706681728,1.0388272811690047,1.3554360679161346,1.3044208428948538,0.5192310882170614,0.5,0.0026701265000948606,0.0005495050286051618,0.003951881981624145,-0.02856479410371991,0.06863168780382735,0.03341671052271779,3459.989578338532,True
7,stress,10062,ridge_no_safety,12.5,0.30246835885032636,0.07015807099880894,0.9809333209474745,0.30154710949396213,0.06935989150106942,0.9863551870115864,0.13279310270919067,-0.0007021777343750035,0.07548721313476563,0.06279310270919067,0.20279310270919068,-0.08,0.08,0.16967525614113568,0.07086024873318394,0.905446107812709,not_applicable,0.0,False,1.2828768903845749,0.35,2967.2537437128794,-0.15331369561979943,0.4059991742710676,0.35,0.35,0.3499999999877302,0.3499999999877302,3.974043316645748e-11,False,False,81323.08197021484,6112.36623971472,20.715109255976643,6.720544933503706e-06,125.54321035868931,1.2089415706681728,1.0388272811690047,1.3554360679161346,1.3044208428948538,0.5192310882170614,0.5,0.0026701265000948606,0.0005495050286051618,0.003951881981624145,-0.02856479410371991,0.06863168780382735,0.03341671052271779,3459.989578338532,True
7,stress,10062,ridge_no_safety,13.0,0.3041943100808337,0.07021739424157697,1.0160271890508696,0.3033620935863615,0.07058001990464788,1.0201678137954755,0.13376457475994513,-0.000727790527343744,0.075129697265625,0.06376457475994513,0.20376457475994514,-0.08,0.08,0.17042973532088856,0.07094518476892071,0.9408974917852446,not_applicable,0.0,False,1.3224503125915181,0.35,2961.921832034861,-0.1539860693354247,0.40631797989012214,0.35,0.35,0.34999999999531584,0.34999999999531584,1.5171308653805227e-11,False,False,81269.45458984375,6106.044375314271,20.693684147169208,6.777618249242615e-06,126.34760679296927,1.2089415706681728,1.0388272811690047,1.3554360679161346,1.3044208428948538,0.5192310882170614,0.5,0.0026701265000948606,0.0005495050286051618,0.003951881981624145,-0.02856479410371991,0.06863168780382735,0.03341671052271779,3459.989578338532,True
7,stress,10062,ridge_no_safety,13.5,0.30576853932685644,0.0702766126492625,1.0511506924191785,0.3070284713510491,0.07047005036923248,1.058686663014015,0.134765625,-0.0007532128906250074,0.07475942260742188,0.064765625,0.204765625,-0.08,0.08,0.17100291432685644,0.0710298255398875,0.9763912698117566,not_applicable,0.0,False,1.316719059284812,0.35,2956.613463180376,-0.15459934072577425,0.4066459728991729,0.35,0.35,0.34999999999821174,0.34999999999821174,5.791811474864517e-12,False,False,81213.91339111328,6099.540326440656,20.671641606238378,6.837239352943227e-06,127.18766720515063,1.2089415706681728,1.0388272811690047,1.3554360679161346,1.3044208428948538,0.5192310882170614,0.5,0.0026701265000948606,0.0005495050286051618,0.003951881981624145,-0.02856479410371991,0.06863168780382735,0.03341671052271779,3459.989578338532,True
7,stress,10062,ridge_no_safety,14.0,0.3072068012662338,0.07033572650895373,1.086303778721688,0.30685231117760864,0.07057210391496586,1.0823284844118843,0.13579561042524005,-0.0007784448242187519,0.074376484375,0.06579561042524004,0.20579561042524006,-0.08,0.08,0.17141119084099374,0.07111417133317248,1.011927294346688,not_applicable,0.0,False,1.313807090900654,0.35,2951.30887387115,-0.15515964976589397,0.4069830131832363,0.35,0.35,0.3499999999993173,0.3499999999993173,2.2111201758434618e-12,False,False,81156.47265625,6092.856871551574,20.64899104951369,6.8994512680340884e-06,128.06383649510434,1.2089415706681728,1.0388272811690047,1.3554360679161346,1.3044208428948538,0.5192310882170614,0.5,0.0026701265000948606,0.0005495050286051618,0.003951881981624145,-0.02856479410371991,0.06863168780382735,0.03341671052271779,3459.989578338532,True
7,stress,10062,ridge_no_safety,14.5,0.3085232095229409,0.07039473573122196,1.121486395675564,0.3139911203737638,0.0709677869224757,1.1215748732270894,0.13685388803155007,-0.0008034863281249915,0.07398097778320313,0.06685388803155007,0.20685388803155008,-0.08,0.08,0.1716693214913908,0.07119822205934695,1.0475054178923608,not_applicable,0.0,False,1.3302552984597977,0.35,2945.9900552607464,-0.1556724963155772,0.4073289641897978,0.35,0.35,0.34999999999973935,0.34999999999973935,8.441025656225065e-13,False,False,81097.14666748047,6085.996718461531,20.625741653911437,6.96429932832289e-06,128.97658125507232,1.2089415706681728,1.0388272811690047,1.3554360679161346,1.3044208428948538,0.5192310882170614,0.5,0.0026701265000948606,0.0005495050286051618,0.003951881981624145,-0.02856479410371991,0.06863168780382735,0.03341671052271779,3459.989578338532,True
7,stress,10062,ridge_no_safety,15.0,0.30973040743853364,0.07045363988325314,1.156698490866036,0.31127552766967814,0.07141602082802083,1.1570167973491818,0.13793981481481482,-0.000828337402343754,0.073572998046875,0.06793981481481481,0.20793981481481483,-0.08,0.08,0.17179059262371882,0.07128197728559689,1.083125492819161,not_applicable,0.0,False,1.3365051005005641,0.35,2940.6405550276304,-0.1561428066963105,0.407683692678915,0.35,0.35,0.3499999999999005,0.3499999999999005,3.2229774404868294e-13,False,False,81035.94970703125,6078.962509297259,20.60190237372883,7.03183121789814e-06,129.9263901573088,1.2089415706681728,1.0388272811690047,1.3554360679161346,1.3044208428948538,0.5192310882170614,0.5,0.0026701265000948606,0.0005495050286051618,0.003951881981624145,-0.02856479410371991,0.06863168780382735,0.03341671052271779,3459.989578338532,True
7,stress,10062,ridge_no_safety,15.5,0.3108397210698278,0.07051243821822926,1.191940011582193,0.3109760104374298,0.07068035578529622,1.1909735114716673,0.13905274777091908,-0.0008529980468749976,0.07315264038085938,0.06905274777091908,0.2090527477709191,-0.08,0.08,0.17178697329890874,0.07136543626510426,1.1187873712013336,not_applicable,0.0,False,1.3033903206411568,0.35,2935.2453006570986,-0.15657499335189268,0.4080470684992265,0.35,0.35,0.349999999999962,0.349999999999962,1.2301271112846734e-13,False,False,80972.8960571289,6071.756824939426,20.577481955697145,7.102097013857635e-06,130.9137743398359,1.2089415706681728,1.0388272811690047,1.3554360679161346,1.3044208428948538,0.5192310882170614,0.5,0.0026701265000948606,0.0005495050286051618,0.003951881981624145,-0.02856479410371991,0.06863168780382735,0.03341671052271779,3459.989578338532,True
7,stress,10062,ridge_no_safety,16.0,0.31186129626255216,0.07057112970136083,1.227210904666618,0.3114892276891054,0.07056291933008141,1.228497506538389,0.1401920438957476,-0.0008774682617187501,0.07272,0.0701920438957476,0.2101920438957476,-0.08,0.08,0.17166925236680455,0.07144859796307958,1.154490904666618,not_applicable,0.0,False,1.2933126506401125,0.35,2929.790441578275,-0.15697300831008756,0.40841896438639796,0.35,0.35,0.3499999999999855,0.3499999999999855,4.696243394164412e-14,False,False,80908.0,6064.382189019411,20.552488952527018,7.17514923188641e-06,131.93926779300043,1.2089415706681728,1.0388272811690047,1.3554360679161346,1.3044208428948538,0.5192310882170614,0.5,0.0026701265000948606,0.0005495050286051618,0.003951881981624145,-0.02856479410371991,0.06863168780382735,0.03341671052271779,3459.989578338532,True
7,stress,10062,ridge_no_safety,16.5,0.3128042214582158,0.0706297130329274,1.2625111163772769,0.3183264561418177,0.07041651717338071,1.2654748674040552,0.14135706018518518,-0.0009017480468750116,0.07227517211914063,0.07135706018518517,0.21135706018518519,-0.08,0.08,0.1714471612730306,0.0715314610798024,1.1902359442581363,not_applicable,0.0,False,1.2898968543633726,0.35,2924.2632080822555,-0.15734039108839726,0.4087992557810987,0.35,0.35,0.3499999999999944,0.3499999999999944,1.787459069646502e-14,False,False,80841.2758178711,6056.841071528806,20.526931735141215,7.251042874710167e-06,133.00342774906832,1.2089415706681728,1.0388272811690047,1.3554360679161346,1.3044208428948538,0.5192310882170614,0.5,0.0026701265000948606,0.0005495050286051618,0.003951881981624145,-0.02856479410371991,0.06863168780382735,0.03341671052271779,3459.989578338532,True
7,stress,10062,ridge_no_safety,17.0,0.3136766377189616,0.07068818666864421,1.2978405922602467,0.3105931332015074,0.0701848197635874,1.3033534664836668,0.1425471536351166,-0.0009258374023437543,0.071818251953125,0.0725471536351166,0.21254715363511661,-0.08,0.08,0.17112948408384498,0.07161402407098796,1.2260223403071218,not_applicable,0.0,False,1.265634559028953,0.35,2918.6517851779454,-0.15768031162045215,0.4091878206640562,0.35,0.35,0.34999999999999787,0.34999999999999787,6.8833827526759706e-15,False,False,80772.73779296875,6049.1358920902585,20.500818503759668,7.3298354834547785e-06,134.10683507675557,1.2089415706681728,1.0388272811690047,1.3554360679161346,1.3044208428948538,0.5192310882170614,0.5,0.0026701265000948606,0.0005495050286051618,0.003951881981624145,-0.02856479410371991,0.06863168780382735,0.03341671052271779,3459.989578338532,True
7,stress,10062,ridge_no_safety,17.5,0.3144858373006563,0.07074654883763773,1.33319927703202,0.31157159977868665,0.07112840777952258,1.335409304215396,0.1437616812414266,-0.0009497363281249921,0.07134933471679687,0.0737616812414266,0.2137616812414266,-0.08,0.08,0.17072415605922972,0.07169628516576272,1.2618499423152232,not_applicable,0.0,False,1.2939663704361484,0.35,2912.945199746772,-0.15799560871980595,0.4095845394061104,0.35,0.35,0.34999999999999915,0.34999999999999915,2.55351295663786e-15,False,False,80702.40020751953,6041.269022930859,20.47415729797645,7.411587191945869e-06,135.25009468229524,1.2089415706681728,1.0388272811690047,1.3554360679161346,1.3044208428948538,0.5192310882170614,0.5,0.0026701265000948606,0.0005495050286051618,0.003951881981624145,-0.02856479410371991,0.06863168780382735,0.03341671052271779,3459.989578338532,True
7,stress,10062,ridge_no_safety,18.0,0.31523835196602873,0.07080479755828188,1.3685871144702502,0.31701545496017935,0.07098870353666106,1.3682301899705134,0.145,-0.0009734448242187527,0.070868515625,0.07499999999999998,0.215,-0.08,0.08,0.17023835196602874,0.07177824238250063,1.2977185988452502,not_applicable,0.0,False,1.2890667267855924,0.35,2907.1332195389905,-0.15828882454438375,0.40998929463149714,0.35,0.35,0.34999999999999964,0.34999999999999964,9.992007221626409e-16,False,False,80630.27734375,6033.242791593229,20.44695600594777,7.496360783986692e-06,136.43383591841402,1.2089415706681728,1.0388272811690047,1.3554360679161346,1.3044208428948538,0.5192310882170614,0.5,0.0026701265000948606,0.0005495050286051618,0.003951881981624145,-0.02856479410371991,0.06863168780382735,0.03341671052271779,3459.989578338532,True
7,stress,10062,ridge_no_safety,18.5,0.31594003210563354,0.0708629306521193,1.40400404731193,0.3171050793581632,0.0713973639620984,1.4073982441796227,0.14626146690672154,-0.0009969628906250083,0.07037588989257812,0.07626146690672153,0.21626146690672154,-0.08,0.08,0.169678565198912,0.0718598935427443,1.3336281574193518,not_applicable,0.0,False,1.2972213439813391,0.35,2901.206262715593,-0.15856223547682763,0.41040197109284127,0.35,0.35,0.34999999999999987,0.34999999999999987,4.440892098500626e-16,False,False,80556.38348388672,6025.059483414375,20.419222372792923,7.584221753655742e-06,137.6587130023841,1.2089415706681728,1.0388272811690047,1.3554360679161346,1.3044208428948538,0.5192310882170614,0.5,0.0026701265000948606,0.0005495050286051618,0.003951881981624145,-0.02856479410371991,0.06863168780382735,0.03341671052271779,3459.989578338532,True
7,stress,10062,ridge_no_safety,19.0,0.31659611762329243,0.07092094575606726,1.4394500171580928,0.31620293438037084,0.07152218993464118,1.4338500159429528,0.147545438957476,-0.0010202905273437451,0.069871552734375,0.07754543895747598,0.217545438957476,-0.08,0.08,0.16905067866581644,0.07194123628341101,1.369578464423718,not_applicable,0.0,False,1.294046882576637,0.35,2895.155316782887,-0.15881787979293965,0.41082245555655417,0.35,0.35,0.3499999999999999,0.3499999999999999,1.1102230246251565e-16,False,False,80480.73291015625,6016.721343798232,20.39096400829609,7.675238368669867e-06,138.9254054441686,1.2089415706681728,1.0388272811690047,1.3554360679161346,1.3044208428948538,0.5192310882170614,0.5,0.0026701265000948606,0.0005495050286051618,0.003951881981624145,-0.02856479410371991,0.06863168780382735,0.03341671052271779,3459.989578338532,True
7,stress,10062,ridge_no_safety,19.5,0.3172113014431034,0.07097884033308627,1.4749249643842257,0.318573342161013,0.07160001807471335,1.4692817500423152,0.14885127314814814,-0.001043427734374991,0.06935559936523437,0.07885127314814813,0.21885127314814815,-0.08,0.08,0.16836002829495525,0.07202226806746126,1.4055693650189913,not_applicable,0.0,False,1.2932138763326753,0.35,2888.9718658940164,-0.1590575824518343,0.41125063669750794,0.35,0.35,0.35,0.35,1.1102230246251565e-16,False,False,80403.33990478516,6008.230580304267,20.362188393984678,7.769481736861776e-06,140.234618485531,1.2089415706681728,1.0388272811690047,1.3554360679161346,1.3044208428948538,0.5192310882170614,0.5,0.0026701265000948606,0.0005495050286051618,0.003951881981624145,-0.02856479410371991,0.06863168780382735,0.03341671052271779,3459.989578338532,True
7,stress,10062,ridge_no_safety,20.0,0.31778978640590905,0.07103661168146942,1.5104288280556664,0.32181801089237927,0.07057370335491617,1.5058180115138136,0.1501783264746228,-0.0010663745117187456,0.068828125,0.08017832647462278,0.2201783264746228,-0.08,0.08,0.16761145993128626,0.07210298619318817,1.4416007030556663,not_applicable,0.0,False,1.2540542817686269,0.35,2882.6478256045366,-0.15928297730681173,0.4116864050020053,0.35,0.35,0.35,0.35,0.0,False,False,80324.21875,5999.589364571574,20.332902889650182,7.867025875824788e-06,141.5870835508751,1.2089415706681728,1.0388272811690047,1.3554360679161346,1.3044208428948538,0.5192310882170614,0.5,0.0026701265000948606,0.0005495050286051618,0.003951881981624145,-0.02856479410371991,0.06863168780382735,0.03341671052271779,3459.989578338532,True
7,stress,10062,ridge_no_safety,20.5,0.3183353362431972,0.07109425694289404,1.5459615458473295,0.3150027965088215,0.07093883115264961,1.5532473475862356,0.15152595593278462,-0.0010891308593749954,0.06828922485351563,0.08152595593278461,0.22152595593278462,-0.08,0.08,0.1668093803104126,0.07218338780226903,1.4776723209938138,not_applicable,0.0,False,1.2523433057329107,0.35,2876.175484269531,-0.15949552700494804,0.4121296526781913,0.35,0.35,0.35,0.35,0.0,False,False,80243.38372802734,5990.799834095381,20.303114739368862,7.967947785780856e-06,142.98355871047633,1.2089415706681728,1.0388272811690047,1.3554360679161346,1.3044208428948538,0.5192310882170614,0.5,0.0026701265000948606,0.0005495050286051618,0.003951881981624145,-0.02856479410371991,0.06863168780382735,0.03341671052271779,3459.989578338532,True
7,stress,10062,ridge_no_safety,21.0,0.3188513212448073,0.07115177310936105,1.5815230539671763,0.3195103174166123,0.07128819133563237,1.5808597305229286,0.1528935185185185,-0.0011116967773437542,0.06773899414062501,0.0828935185185185,0.22289351851851852,-0.08,0.08,0.1659578027262888,0.0722634698867048,1.5137840598265513,not_applicable,0.0,False,1.2639408169916244,0.35,2869.5474503588266,-0.15969654081559193,0.41258027357316207,0.35,0.35,0.35,0.35,0.0,False,False,80160.84912109375,5981.864093870782,20.27283107707244,8.072327525731935e-06,144.4248291566962,1.2089415706681728,1.0388272811690047,1.3554360679161346,1.3044208428948538,0.5192310882170614,0.5,0.0026701265000948606,0.0005495050286051618,0.003951881981624145,-0.02856479410371991,0.06863168780382735,0.03341671052271779,3459.989578338532,True
7,stress,10062,ridge_no_safety,21.5,0.319340759172667,0.07120915702913433,1.6171132870828984,0.31763588171271023,0.0709418370570511,1.6164499657830858,0.15428037122770918,-0.001134072265625008,0.06717752807617187,0.08428037122770918,0.2242803712277092,-0.08,0.08,0.16506038794495784,0.07234322929475934,1.5499357590067264,not_applicable,0.0,False,1.2429646534095151,0.35,2862.756605046101,-0.15988719060303092,0.4130381630961138,0.35,0.35,0.35,0.35,0.0,False,False,80076.62921142578,5972.78421791668,20.242058931712783,8.18024829295792e-06,145.91170769369526,1.2089415706681728,1.0388272811690047,1.3554360679161346,1.3044208428948538,0.5192310882170614,0.5,0.0026701265000948606,0.0005495050286051618,0.003951881981624145,-0.02856479410371991,0.06863168780382735,0.03341671052271779,3459.989578338532,True
7,stress,10062,ridge_no_safety,22.0,0.319806351915311,0.07126640541177959,1.6527321782513438,0.3187232170018543,0.07127530033793933,1.652623085343491,0.15568587105624143,-0.001156257324218743,0.066604921875,0.08568587105624142,0.22568587105624144,-0.08,0.08,0.16412048085906955,0.07242266273599833,1.5861272563763438,not_applicable,0.0,False,1.249947065273326,0.35,2855.769906281632,-0.16007545388780886,0.4135553796234184,0.35,0.35,0.35,0.35,0.0,False,False,79990.73828125,5963.562250691366,20.210805232059418,8.291796505927697e-06,147.44503524109746,1.2089415706681728,1.0388272811690047,1.3554360679161346,1.3044208428948538,0.5192310882170614,0.5,0.0026701265000948606,0.0005495050286051618,0.003951881981624145,-0.02856479410371991,0.06863168780382735,0.03341671052271779,3459.989578338532,True
7,stress,10062,ridge_no_safety,22.5,0.3202505182003387,0.07132351430932907,1.6883796587194886,0.32215525335797335,0.07176692423053331,1.6882334587578867,0.157109375,-0.0011782519531250008,0.06602127075195313,0.08710937499999999,0.227109375,-0.08,0.08,0.16314114320033868,0.07250176626245407,1.6223583879675354,not_applicable,0.0,False,1.2655162806407392,0.35,2848.382500395731,-0.16031398927616264,0.41452118455903586,0.35,0.35,0.35,0.35,0.0,False,False,79903.19061279297,5954.200208409866,20.179076811164045,8.407061890693887e-06,149.02568135202065,1.2089415706681728,1.0388272811690047,1.3554360679161346,1.3044208428948538,0.5192310882170614,0.5,0.0026701265000948606,0.0005495050286051618,0.003951881981624145,-0.02856479410371991,0.06863168780382735,0.03341671052271779,3459.989578338532,True
7,stress,10062,ridge_no_safety,23.0,0.3206754219502728,0.0713804756797273,1.7240556567365586,0.321659561022123,0.07093919396670575,1.7202904625783684,0.15855024005486967,-0.0012000561523437536,0.065426669921875,0.08855024005486967,0.22855024005486968,-0.08,0.08,0.16212518189540315,0.07258053183207105,1.6586289868146835,not_applicable,0.0,False,1.2292653405988876,0.35,2840.8013452496616,-0.16054637047850148,0.41550436793117296,0.35,0.35,0.35,0.35,0.0,False,False,79814.00048828125,5944.700080271976,20.146880410522424,8.526137570844588e-06,150.65454474582995,1.2089415706681728,1.0388272811690047,1.3554360679161346,1.3044208428948538,0.5192310882170614,0.5,0.0026701265000948606,0.0005495050286051618,0.003951881981624145,-0.02856479410371991,0.06863168780382735,0.03341671052271779,3459.989578338532,True
7,stress,10062,ridge_no_safety,23.5,0.32108299887163394,0.0714372856227687,1.759760097565994,0.3206456850684211,0.07143527392063603,1.7672291595655438,0.16000782321673526,-0.0012216699218750016,0.06482121459960938,0.09000782321673526,0.23000782321673527,-0.08,0.08,0.16107517565489868,0.0726589555446437,1.6949388829663845,not_applicable,0.0,False,1.2397485366921421,0.35,2833.019615100493,-0.16077334469260224,0.4165048071705042,0.35,0.35,0.35,0.35,0.0,False,False,79723.1821899414,5935.063829608949,20.11422268396056,8.649120161089425e-06,152.33255385594285,1.2089415706681728,1.0388272811690047,1.3554360679161346,1.3044208428948538,0.5192310882170614,0.5,0.0026701265000948606,0.0005495050286051618,0.003951881981624145,-0.02856479410371991,0.06863168780382735,0.03341671052271779,3459.989578338532,True
7,stress,10062,ridge_no_safety,24.0,0.32147498115746315,0.07149394010413605,1.795492904487407,0.3217010074079724,0.07116089262266172,1.7940787976796368,0.16148148148148148,-0.0012430932617187584,0.064205,0.09148148148148147,0.23148148148148148,-0.08,0.08,0.15999349967598167,0.07273703336585481,1.731287904487407,not_applicable,0.0,False,1.225350448288842,0.35,2825.030564315028,-0.1609955798907854,0.41752238101690514,0.35,0.35,0.35,0.35,0.0,False,False,79630.75,5925.293394955936,20.08111020126924,8.776109864560009e-06,154.0606673929731,1.2089415706681728,1.0388272811690047,1.3554360679161346,1.3044208428948538,0.5192310882170614,0.5,0.0026701265000948606,0.0005495050286051618,0.003951881981624145,-0.02856479410371991,0.06863168780382735,0.03341671052271779,3459.989578338532,True
7,stress,10062,ridge_no_safety,24.5,0.3218529186233006,0.07155043495676182,1.831253998729887,0.32134670255579534,0.07193320342148281,1.828147442594805,0.16297057184499314,-0.0012643261718749965,0.06357812133789062,0.09297057184499313,0.23297057184499315,-0.08,0.08,0.15888234677830748,0.07281476112863682,1.7676758773919965,not_applicable,0.0,False,1.2467219016878472,0.35,2816.8275009879076,-0.16121367306566803,0.4185569694413684,0.35,0.35,0.35,0.35,0.0,False,False,79536.7182006836,5915.390691056471,20.047549451608308,8.907210573909068e-06,155.8398749234816,1.2089415706681728,1.0388272811690047,1.3554360679161346,1.3044208428948538,0.5192310882170614,0.5,0.0026701265000948606,0.0005495050286051618,0.003951881981624145,-0.02856479410371991,0.06863168780382735,0.03341671052271779,3459.989578338532,True
7,stress,10062,ridge_no_safety,25.0,0.3222181976420407,0.07160676588168645,1.8670432994058568,0.3245349205131019,0.07205858696274721,1.8709091569754979,0.164474451303155,-0.0012853686523437435,0.062940673828125,0.09447445130315499,0.234474451303155,-0.08,0.08,0.1577437463388857,0.07289213453403019,1.8041026255777317,not_applicable,0.0,False,1.2494409684308145,0.35,2808.4037628928127,-0.1614281576162279,0.41960845357147647,0.35,0.35,0.35,0.35,0.0,False,False,79441.10107421875,5905.35760980471,20.01354684669993,9.042529976294818e-06,157.6711974645601,1.2089415706681728,1.0388272811690047,1.3554360679161346,1.3044208428948538,0.5192310882170614,0.5,0.0026701265000948606,0.0005495050286051618,0.003951881981624145,-0.02856479410371991,0.06863168780382735,0.03341671052271779,3459.989578338532,True
7,stress,10062,ridge_no_safety,25.5,0.3225720581067179,0.07166292844845784,1.9028607234452428,0.3270147098467947,0.07150503768505419,1.9052296108741562,0.16599247685185187,-0.0013062207031249995,0.062292752685546876,0.09599247685185186,0.23599247685185187,-0.08,0.08,0.15657958125486604,0.07296914915158284,1.840567970759696,not_applicable,0.0,False,1.2271857850055743,0.35,2799.7526955097396,-0.1616395099636343,0.42067671562017306,0.35,0.35,0.35,0.35,0.0,False,False,79343.91290283203,5895.1960211304795,19.97910872382809,9.182179662341405e-06,159.5556880944643,1.2089415706681728,1.0388272811690047,1.3554360679161346,1.3044208428948538,0.5192310882170614,0.5,0.0026701265000948606,0.0005495050286051618,0.003951881981624145,-0.02856479410371991,0.06863168780382735,0.03341671052271779,3459.989578338532,True
7,stress,10062,ridge_no_safety,26.0,0.3229156086264385,0.07171891809511123,1.9387061855297383,0.32324769574851825,0.07210960259714916,1.9429680748532394,0.16752400548696844,-0.0013268823242187505,0.061634453125,0.09752400548696843,0.23752400548696845,-0.08,0.08,0.15539160313947004,0.07304580041932998,1.8770717324047383,not_applicable,0.0,False,1.2388040664619573,0.35,2790.867631898979,-0.16184815547700235,0.4217616388175952,0.35,0.35,0.35,0.35,0.0,False,False,79245.16796875,5884.907773831726,19.944241348659794,9.326275239169242e-06,161.49443257948667,1.2089415706681728,1.0388272811690047,1.3554360679161346,1.3044208428948538,0.5192310882170614,0.5,0.0026701265000948606,0.0005495050286051618,0.003951881981624145,-0.02856479410371991,0.06863168780382735,0.03341671052271779,3459.989578338532,True
7,stress,10062,ridge_no_safety,26.5,0.32324984013931285,0.07177473012776422,1.974579598026958,0.3275406842336238,0.07209006394564617,1.9692214138981612,0.16906839420438957,-0.0013473535156250036,0.060965870361328126,0.09906839420438956,0.23906839420438958,-0.08,0.08,0.15418144593492328,0.07312208364338924,1.91361372766563,not_applicable,0.0,False,1.238129354735756,0.35,2781.74187421709,-0.16205447378089421,0.42286310734575583,0.35,0.35,0.35,0.35,0.0,False,False,79144.88055419922,5874.494696358492,19.908950917901986,9.474936447592018e-06,163.48855001723135,1.2089415706681728,1.0388272811690047,1.3554360679161346,1.3044208428948538,0.5192310882170614,0.5,0.0026701265000948606,0.0005495050286051618,0.003951881981624145,-0.02856479410371991,0.06863168780382735,0.03341671052271779,3459.989578338532,True
7,stress,10062,ridge_no_safety,27.0,0.32357563810710865,0.0718303597198582,2.0104808709243014,0.3252604105366581,0.07210004385628548,2.0090565144420083,0.170625,-0.0013676342773437516,0.060287099609375,0.10062499999999999,0.240625,-0.08,0.08,0.15295063810710866,0.07319799399720195,1.9501937713149264,not_applicable,0.0,False,1.2306499019969546,0.35,2772.3686766920623,-0.16225880350892208,0.4239810062758817,0.35,0.35,0.35,0.35,0.0,False,False,79043.06494140625,5863.958597552136,19.87324356180684,9.628287283580918e-06,165.5391934964457,1.2089415706681728,1.0388272811690047,1.3554360679161346,1.3044208428948538,0.5192310882170614,0.5,0.0026701265000948606,0.0005495050286051618,0.003951881981624145,-0.02856479410371991,0.06863168780382735,0.03341671052271779,3459.989578338532,True
7,stress,10062,ridge_no_safety,27.5,0.3238937934392001,0.07188580191107347,2.046409911762354,0.32695468583734444,0.07123283061468823,2.045363213869946,0.1721931798696845,-0.0013877246093749948,0.059598236083984374,0.10219317986968449,0.2421931798696845,-0.08,0.08,0.1517006135695156,0.07327352652044847,1.9868116756783698,not_applicable,0.0,False,1.196874155317692,0.35,2762.7412298944264,-0.16246144656111616,0.4251152215082343,0.35,0.35,0.35,0.35,0.0,False,False,78939.73541259766,5853.301267343199,19.837125346536833,9.786456124099883e-06,167.64755077354243,1.2089415706681728,1.0388272811690047,1.3554360679161346,1.3044208428948538,0.5192310882170614,0.5,0.0026701265000948606,0.0005495050286051618,0.003951881981624145,-0.02856479410371991,0.06863168780382735,0.03341671052271779,3459.989578338532,True
7,stress,10062,ridge_no_safety,28.0,0.32420501227802845,0.07194105160594275,2.0823666255676696,0.3241766097301374,0.07178882686245734,2.084646368142943,0.17377229080932782,-0.001407624511718747,0.058899375000000004,0.10377229080932782,0.24377229080932783,-0.08,0.08,0.15043272146870063,0.0733486761176615,2.0234672505676694,not_applicable,0.0,False,1.2086459780434835,0.35,2752.8526461585566,-0.16266267191672124,0.42626563971425235,0.35,0.35,0.35,0.35,0.0,False,False,78834.90625,5842.524477410941,19.800602276399946,9.949575857418256e-06,169.8148449659197,1.2089415706681728,1.0388272811690047,1.3554360679161346,1.3044208428948538,0.5192310882170614,0.5,0.0026701265000948606,0.0005495050286051618,0.003951881981624145,-0.02856479410371991,0.06863168780382735,0.03341671052271779,3459.989578338532,True
7,stress,10062,ridge_no_safety,28.5,0.3245099247645282,0.07199610357218454,2.118350914784787,0.32186769395415743,0.07265239607470166,2.11529170031853,0.17536168981481481,-0.001427333984375001,0.05819061157226563,0.10536168981481481,0.24536168981481482,-0.08,0.08,0.1491482349497134,0.07342343755655954,2.0601603032125215,not_applicable,0.0,False,1.2321705479099594,0.35,2742.6959460238977,-0.16286271904871397,0.42743214828087306,0.35,0.35,0.35,0.35,0.0,False,False,78728.59173583984,5831.629981807371,19.763680295964555,1.0117784018011525e-05,172.04233526218806,1.2089415706681728,1.0388272811690047,1.3554360679161346,1.3044208428948538,0.5192310882170614,0.5,0.0026701265000948606,0.0005495050286051618,0.003951881981624145,-0.02856479410371991,0.06863168780382735,0.03341671052271779,3459.989578338532,True
7,stress,10062,ridge_no_safety,29.0,0.32480909288964327,0.07205095243877575,2.1543626792073503,0.32814824447119884,0.07150255330818625,2.1538555466211387,0.17696073388203018,-0.0014468530273437502,0.057472041015625,0.10696073388203017,0.2469607338820302,-0.08,0.08,0.1478483590076131,0.0734978054661195,2.0968906381917254,not_applicable,0.0,False,1.194492333663797,0.35,2732.264045579801,-0.16306180098151385,0.428614635256898,0.35,0.35,0.35,0.35,0.0,False,False,78620.80615234375,5820.619517548277,19.726365292062432,1.0291222926162966e-05,174.3313176493778,1.2089415706681728,1.0388272811690047,1.3554360679161346,1.3044208428948538,0.5192310882170614,0.5,0.0026701265000948606,0.0005495050286051618,0.003951881981624145,-0.02856479410371991,0.06863168780382735,0.03341671052271779,3459.989578338532,True
7,stress,10062,ridge_no_safety,29.5,0.32510301752701215,0.07210559269378049,2.1904018159082,0.3242312005841477,0.07216461227634503,2.1968117552956037,0.17856878000685872,-0.0014661816406250014,0.05674375854492188,0.10856878000685871,0.24856878000685872,-0.08,0.08,0.14653423752015343,0.07357177433440548,2.133658057363278,not_applicable,0.0,False,1.2092863194783998,0.35,2721.5497446099944,-0.16326010702904775,0.429812989301285,0.35,0.35,0.35,0.35,0.0,False,False,78511.56378173828,5809.494805173575,19.68866309568782,1.0470039832382938e-05,176.683125657199,1.2089415706681728,1.0388272811690047,1.3554360679161346,1.3044208428948538,0.5192310882170614,0.5,0.0026701265000948606,0.0005495050286051618,0.003951881981624145,-0.02856479410371991,0.06863168780382735,0.03341671052271779,3459.989578338532,True
7,stress,10062,ridge_no_safety,30.0,0.32539214473200456,0.0721600186819501,2.2264682191683254,0.3224680025252484,0.07273718421452209,2.2273748705759515,0.1801851851851852,-0.0014853198242187476,0.056005859375,0.11018518518518519,0.2501851851851852,-0.08,0.08,0.14520695954681936,0.07364533850616885,2.1704623597933255,not_applicable,0.0,False,1.2237451942278288,0.35,2710.5457154438045,-0.1634578052464586,0.4310270996332512,0.35,0.35,0.35,0.35,0.0,False,False,78400.87890625,5798.257549279098,19.65057948379968,1.0654387066765343e-05,179.09913111940278,1.2089415706681728,1.0388272811690047,1.3554360679161346,1.3044208428948538,0.5192310882170614,0.5,0.0026701265000948606,0.0005495050286051618,0.003951881981624145,-0.02856479410371991,0.06863168780382735,0.03341671052271779,3459.989578338532,True
7,stress,10062,ridge_no_safety,30.5,0.3256768713834253,0.07221422460210782,2.262561780404557,0.3231094062459426,0.071905728350439,2.268210859094531,0.18180930641289436,-0.0015042675781250028,0.05525843872070313,0.11180930641289435,0.25180930641289434,-0.08,0.08,0.14386756497053096,0.07371849218023283,2.2073033416838537,not_applicable,0.0,False,1.19124667965694,0.35,2699.2444924311276,-0.1636550446252857,0.43225685598409136,0.35,0.35,0.35,0.35,0.0,False,False,78288.76580810547,5786.909439021749,19.61212018103368,1.0844422193404086e-05,181.58074495227984,1.2089415706681728,1.0388272811690047,1.3554360679161346,1.3044208428948538,0.5192310882170614,0.5,0.0026701265000948606,0.0005495050286051618,0.003951881981624145,-0.02856479410371991,0.06863168780382735,0.03341671052271779,3459.989578338532,True
7,stress,10062,ridge_no_safety,31.0,0.3259575502362583,0.07226820450432962,2.2986823880959033,0.32892718868344606,0.07227285878157538,2.2957449211351872,0.1834405006858711,-0.001523024902343753,0.054501591796875,0.11344050068587108,0.2534405006858711,-0.08,0.08,0.1425170495503872,0.07379122940667338,2.244180796299028,not_applicable,0.0,False,1.2081213448079096,0.35,2687.6384619669916,-0.1638519570588381,0.43350214855061187,0.35,0.35,0.35,0.35,0.0,False,False,78175.23876953125,5775.452148599784,19.573290861329905,1.1040308169995125e-05,184.12941795031148,1.2089415706681728,1.0388272811690047,1.3554360679161346,1.3044208428948538,0.5192310882170614,0.5,0.0026701265000948606,0.0005495050286051618,0.003951881981624145,-0.02856479410371991,0.06863168780382735,0.03341671052271779,3459.989578338532,True
7,stress,10062,ridge_no_safety,31.5,0.3262344944467052,0.07232195228693172,2.33482992770843,0.3243231810080723,0.07170835085454387,2.329401458072128,0.185078125,-0.0015415917968750054,0.053735413818359376,0.115078125,0.25507812500000004,-0.08,0.08,0.1411563694467052,0.07386354408380673,2.281094513890071,not_applicable,0.0,False,1.1792747391987877,0.35,2675.719852999438,-0.1640486591016999,0.43476286795009866,0.35,0.35,0.35,0.35,0.0,False,False,78060.3120727539,5763.887337709867,19.534097149481823,1.1242213512753332e-05,186.74664159897972,1.2089415706681728,1.0388272811690047,1.3554360679161346,1.3044208428948538,0.5192310882170614,0.5,0.0026701265000948606,0.0005495050286051618,0.003951881981624145,-0.02856479410371991,0.06863168780382735,0.03341671052271779,3459.989578338532,True
7,stress,10062,ridge_no_safety,32.0,0.32650798162439987,0.07237546169327366,2.3710042816185837,0.3275059243513171,0.07209167165360361,2.3686382015594787,0.186721536351166,-0.0015599682617187527,0.05295999999999999,0.116721536351166,0.256721536351166,-0.08,0.08,0.13978644527323386,0.07393542995499242,2.3180442816185836,not_applicable,0.0,False,1.194058205297459,0.35,2663.4807279615593,-0.16424525354481578,0.4360389051767378,0.35,0.35,0.35,0.35,0.0,False,False,77944.0,5752.216651982374,19.494544622611564,1.1450312466775538e-05,189.43394890471433,1.2089415706681728,1.0388272811690047,1.3554360679161346,1.3044208428948538,0.5192310882170614,0.5,0.0026701265000948606,0.0005495050286051618,0.003951881981624145,-0.02856479410371991,0.06863168780382735,0.03341671052271779,3459.989578338532,True
7,stress,10062,ridge_no_safety,32.5,0.3267782574609632,0.07242872630838507,2.4072053290348725,0.3287200477181302,0.07202922855299718,2.405929861770302,0.18837009173525376,-0.0015781542968749881,0.05217544555664062,0.11837009173525376,0.25837009173525377,-0.08,0.08,0.1384081657257094,0.07400688060526006,2.355029883478232,not_applicable,0.0,False,1.190813676335471,0.35,2650.9129740748112,-0.16444183082536898,0.43733015155941524,0.35,0.35,0.35,0.35,0.0,False,False,77826.3168334961,5740.441723396339,19.45463881157619,1.166478518198514e-05,192.19291524195222,1.2089415706681728,1.0388272811690047,1.3554360679161346,1.3044208428948538,0.5192310882170614,0.5,0.0026701265000948606,0.0005495050286051618,0.003951881981624145,-0.02856479410371991,0.06863168780382735,0.03341671052271779,3459.989578338532,True
7,stress,10062,ridge_no_safety,33.0,0.3270455389789494,0.07248173955542286,2.443432945917821,0.3278508293920348,0.07267453515362825,2.4464317687501866,0.19002314814814816,-0.0015961499023437464,0.051381845703125005,0.12002314814814816,0.2600231481481482,-0.08,0.08,0.13702239083080123,0.07407788945776661,2.392051100214696,not_applicable,0.0,False,1.2106042083410073,0.35,2638.0082949764646,-0.16463847028866496,0.4386364987208295,0.35,0.35,0.35,0.35,0.0,False,False,77707.27685546875,5728.564170675286,19.414385202309198,1.1885817894795267e-05,195.02515921724626,1.2089415706681728,1.0388272811690047,1.3554360679161346,1.3044208428948538,0.5192310882170614,0.5,0.0026701265000948606,0.0005495050286051618,0.003951881981624145,-0.02856479410371991,0.06863168780382735,0.03341671052271779,3459.989578338532,True
7,stress,10062,ridge_no_safety,33.5,0.32731001744064586,0.07253449469196507,2.4796870048981083,0.3246452679011618,0.07291714395686373,2.485627862173134,0.1916800625857339,-0.0016139550781249998,0.05057929565429688,0.12168006258573388,0.2616800625857339,-0.08,0.08,0.13562995485491197,0.07414844977009008,2.4291077092438114,not_applicable,0.0,False,1.213481868791736,0.35,2624.758202629081,-0.16483524131743943,0.43995783853785236,0.35,0.35,0.35,0.35,0.0,False,False,77586.89434814453,5716.5855996651535,19.373789237101303,1.2113603115631624e-05,197.932343550363,1.2089415706681728,1.0388272811690047,1.3554360679161346,1.3044208428948538,0.5192310882170614,0.5,0.0026701265000948606,0.0005495050286051618,0.003951881981624145,-0.02856479410371991,0.06863168780382735,0.03341671052271779,3459.989578338532,True
7,stress,10062,ridge_no_safety,34.0,0.3275718609520826,0.07258698480614653,2.515967375192816,0.32669896184767117,0.07247044846611435,2.517827581088014,0.19334019204389574,-0.001631569824218762,0.049767890625000005,0.12334019204389574,0.26334019204389575,-0.08,0.08,0.13423166890818689,0.0742185546303653,2.466199484567816,not_applicable,0.0,False,1.1984973529245175,0.35,2611.154009474518,-0.1650322043424047,0.4412940631030815,0.35,0.35,0.35,0.35,0.0,False,False,77465.18359375,5704.507603695355,19.33285631582411,1.2348339822457936e-05,200.91617597227213,1.2089415706681728,1.0388272811690047,1.3554360679161346,1.3044208428948538,0.5192310882170614,0.5,0.0026701265000948606,0.0005495050286051618,0.003951881981624145,-0.02856479410371991,0.06863168780382735,0.03341671052271779,3459.989578338532,True
7,stress,10062,ridge_no_safety,34.5,0.3278312167939262,0.07263920281264084,2.552273922519704,0.3279953277934721,0.07205042667355317,2.5534280799254714,0.19500289351851852,-0.0016489941406250055,0.048947725830078115,0.1250028935185185,0.2650028935185185,-0.08,0.08,0.13282832327540767,0.07428819695326586,2.503326196689626,not_applicable,0.0,False,1.1838867277954486,0.35,2597.1868207990565,-0.16522941174640715,0.4426450646875293,0.35,0.35,0.35,0.35,0.0,False,False,77342.15887451172,5692.331763924001,19.291591797100075,1.2590233660449933e-05,203.97841013991643,1.2089415706681728,1.0388272811690047,1.3554360679161346,1.3044208428948538,0.5192310882170614,0.5,0.0026701265000948606,0.0005495050286051618,0.003951881981624145,-0.02856479410371991,0.06863168780382735,0.03341671052271779,3459.989578338532,True
7,stress,10062,ridge_no_safety,35.0,0.3280882135076355,0.0726911414484927,2.5886065090094394,0.33053882682544716,0.07233436825955504,2.588786142529745,0.19666752400548698,-0.0016662280273437372,0.048118896484375,0.12666752400548698,0.266667524005487,-0.08,0.08,0.13142068950214852,0.07435736947583643,2.5404876125250646,not_applicable,0.0,False,1.1962956441426484,0.35,2582.8475272799415,-0.1654269086732812,0.44401073570439814,0.35,0.35,0.35,0.35,0.0,False,False,77217.83447265625,5680.059649668205,19.25000099942194,1.2839497147966588e-05,207.12084656763102,1.2089415706681728,1.0388272811690047,1.3554360679161346,1.3044208428948538,0.5192310882170614,0.5,0.0026701265000948606,0.0005495050286051618,0.003951881981624145,-0.02856479410371991,0.06863168780382735,0.03341671052271779,3459.989578338532,True
7,stress,10062,ridge_no_safety,35.5,0.3283429627623029,0.07274279326880383,2.6249649931157064,0.32586155250687393,0.07249563497067639,2.6265219507091215,0.19833344050068585,-0.0016832714843749985,0.04728149780273438,0.12833344050068585,0.26833344050068586,-0.08,0.08,0.13000952226161705,0.07442606475317882,2.577683495312972,not_applicable,0.0,False,1.1958841534785416,0.35,2568.1267976869603,-0.1656247337513283,0.44539096867389644,0.35,0.35,0.35,0.35,0.0,False,False,77092.22467041016,5667.692818720325,19.20808920222448,1.3096349888969333e-05,210.3453335750501,1.2089415706681728,1.0388272811690047,1.3554360679161346,1.3044208428948538,0.5192310882170614,0.5,0.0026701265000948606,0.0005495050286051618,0.003951881981624145,-0.02856479410371991,0.06863168780382735,0.03341671052271779,3459.989578338532,True
7,stress,10062,ridge_no_safety,36.0,0.32859556102495713,0.07279415064227536,2.661349229523122,0.33005136759885256,0.07322099918857504,2.6565578338445093,0.2,-0.001700124511718755,0.046435625,0.13,0.27,-0.08,0.08,0.12859556102495712,0.07449427515399412,2.614913604523122,not_applicable,0.0,False,1.2268278470299192,0.35,2553.0150717156635,-0.16582291974031593,0.44678565618904953,0.35,0.35,0.35,0.35,0.0,False,False,76965.34375,5655.232817650954,19.165861646911356,1.336101879204304e-05,213.6537682513266,1.2089415706681728,1.0388272811690047,1.3554360679161346,1.3044208428948538,0.5192310882170614,0.5,0.0026701265000948606,0.0005495050286051618,0.003951881981624145,-0.02856479410371991,0.06863168780382735,0.03341671052271779,3459.989578338532,True
7,stress,10062,ridge_no_safety,36.5,0.32884609105473284,0.07284520574660916,2.6977590690528856,0.3302527060393322,0.07265048816246818,2.701028193748781,0.2016665594993141,-0.0017167871093750064,0.04558137329101562,0.1316665594993141,0.2716665594993141,-0.08,0.08,0.12717953155541872,0.07456199285598417,2.65217769576187,not_applicable,0.0,False,1.2070328549909017,0.35,2537.5025529315817,-0.1660214941099628,0.4481946908824673,0.35,0.35,0.35,0.35,0.0,False,False,76837.20599365234,5642.681182099389,19.123323537839543,1.3633738296174223e-05,217.04809743545476,1.2089415706681728,1.0388272811690047,1.3554360679161346,1.3044208428948538,0.5192310882170614,0.5,0.0026701265000948606,0.0005495050286051618,0.003951881981624145,-0.02856479410371991,0.06863168780382735,0.03341671052271779,3459.989578338532,True
7,stress,10062,ridge_no_safety,37.0,0.329094623239188,0.07289595056377,2.7341943585660986,0.32881376757483266,0.07316790146296993,2.7346527574621566,0.20333247599451304,-0.001733259277343746,0.044718837890624995,0.13333247599451303,0.27333247599451305,-0.08,0.08,0.12576214724467494,0.07462920984111375,2.6894755206754737,not_applicable,0.0,False,1.2245022928701073,0.35,2521.579201807231,-0.166220479557048,0.44961796539402865,0.35,0.35,0.35,0.35,0.0,False,False,76707.82568359375,5630.039437052273,19.080480043263627,1.3914750603444208e-05,220.53031871246114,1.2089415706681728,1.0388272811690047,1.3554360679161346,1.3044208428948538,0.5192310882170614,0.5,0.0026701265000948606,0.0005495050286051618,0.003951881981624145,-0.02856479410371991,0.06863168780382735,0.03341671052271779,3459.989578338532,True
7,stress,10062,ridge_no_safety,37.5,0.32934121678914624,0.07294637687511037,2.770654940864677,0.32808177199237026,0.07351575345640382,2.765369519006011,0.2049971064814815,-0.0017495410156249946,0.04384811401367188,0.1349971064814815,0.2749971064814815,-0.08,0.08,0.12434411030766473,0.07469591789073536,2.726806826851005,not_applicable,0.0,False,1.2372138797240215,0.35,2505.2347288358965,-0.16641989446753505,0.45105537233944787,0.35,0.35,0.35,0.35,0.0,False,False,76577.21710205078,5617.309097111061,19.037336296242305,1.4204305918797667e-05,224.10248142521306,1.2089415706681728,1.0388272811690047,1.3554360679161346,1.3044208428948538,0.5192310882170614,0.5,0.0026701265000948606,0.0005495050286051618,0.003951881981624145,-0.02856479410371991,0.06863168780382735,0.03341671052271779,3459.989578338532,True
7,stress,10062,ridge_no_safety,38.0,0.3295859208067363,0.07299647625635916,2.8071406545897926,0.32894122492540245,0.07286907068436882,2.801421907117592,0.20665980795610428,-0.0017656323242187522,0.042969296875,0.13665980795610427,0.2766598079561043,-0.08,0.08,0.12292611285063204,0.07476210858057791,2.7641713577147926,not_applicable,0.0,False,1.2168045128773062,0.35,2488.4585877082854,-0.16661975332943807,0.45250680427969014,0.35,0.35,0.35,0.35,0.0,False,False,76445.39453125,5604.4916667489015,18.99389739550893,1.450266269704746e-05,227.76668770154146,1.2089415706681728,1.0388272811690047,1.3554360679161346,1.3044208428948538,0.5192310882170614,0.5,0.0026701265000948606,0.0005495050286051618,0.003951881981624145,-0.02856479410371991,0.06863168780382735,0.03341671052271779,3459.989578338532,True
7,stress,10062,ridge_no_safety,38.5,0.32982877523977305,0.07304624007247557,2.8436513341177774,0.332766924079414,0.0719151560029958,2.834273524583319,0.20831993741426613,-0.0017815332031249978,0.042082481689453125,0.13831993741426613,0.27831993741426614,-0.08,0.08,0.12150883782550692,0.07482777327560056,2.8015688524283244,not_applicable,0.0,False,1.1895108526577298,0.35,2471.239968539887,-0.1668200671015574,0.4539721536912043,0.35,0.35,0.35,0.35,0.0,False,False,76312.37225341797,5591.588640557487,18.950168406308123,1.4810087897280184e-05,231.5250934963746,1.2089415706681728,1.0388272811690047,1.3554360679161346,1.3044208428948538,0.5192310882170614,0.5,0.0026701265000948606,0.0005495050286051618,0.003951881981624145,-0.02856479410371991,0.06863168780382735,0.03341671052271779,3459.989578338532,True
7,stress,10062,ridge_no_safety,39.0,0.3300698117342554,0.0730956594723688,2.8801868094534178,0.3309616802467217,0.07275491142148093,2.876647197300215,0.20997685185185183,-0.0017972436523437524,0.041187763671875,0.13997685185185182,0.27997685185185184,-0.08,0.08,0.1200929598824036,0.07489290312471256,2.838999045781543,not_applicable,0.0,False,1.2198750396114488,0.35,2453.567791138655,-0.16702084354267902,0.4554513129369436,0.35,0.35,0.35,0.35,0.0,False,False,76178.16455078125,5578.601503484431,18.90615436120024,1.5126857244826623e-05,235.37990964851878,1.2089415706681728,1.0388272811690047,1.3554360679161346,1.3044208428948538,0.5192310882170614,0.5,0.0026701265000948606,0.0005495050286051618,0.003951881981624145,-0.02856479410371991,0.06863168780382735,0.03341671052271779,3459.989578338532,True
7,stress,10062,ridge_no_safety,39.5,0.3303090543955314,0.07314472538348456,2.916746906120577,0.33302762534088864,0.07286260335463565,2.919945382537784,0.21162990826474626,-0.001812763671875002,0.04028523803710937,0.14162990826474625,0.28162990826474626,-0.08,0.08,0.11867914613078512,0.07495748905535957,2.8764616680834676,not_applicable,0.0,False,1.229322517525815,0.35,2435.430698304117,-0.16722208750535228,0.4569441742381477,0.35,0.35,0.35,0.35,0.0,False,False,76042.7857055664,5565.531731061606,18.861860260835236,1.5453255500963976e-05,239.33340295170845,1.2089415706681728,1.0388272811690047,1.3554360679161346,1.3044208428948538,0.5192310882170614,0.5,0.0026701265000948606,0.0005495050286051618,0.003951881981624145,-0.02856479410371991,0.06863168780382735,0.03341671052271779,3459.989578338532,True
7,stress,10062,ridge_no_safety,40.0,0.33054652046757976,0.07319342850625861,2.9533314450500785,0.3313905228841435,0.07437216770839877,2.9524658722282564,0.21327846364883404,-0.0018280932617187468,0.039375,0.14327846364883404,0.283278463648834,-0.08,0.08,0.11726805681874572,0.07502152176797736,2.9139564450500783,not_applicable,0.0,False,1.284824331205032,0.35,2416.8170491504447,-0.16742380119793046,0.45845062964685884,0.35,0.35,0.35,0.35,0.0,False,False,75906.25,5552.380789624953,18.817291074697604,1.578957674051726e-05,243.3878972395076,1.2089415706681728,1.0388272811690047,1.3554360679161346,1.3044208428948538,0.5192310882170614,0.5,0.0026701265000948606,0.0005495050286051618,0.003951881981624145,-0.02856479410371991,0.06863168780382735,0.03341671052271779,3459.989578338532,True
